0		0	1.2	1.5	2	2.5	3	4	5	6	7	8	9	10	11	12	13	14	15	10000000	
0		0	8	12	20	34	50	96	100	100	100	100	100	100	100	100	100	100	100	100
10		0	8	12	20	34	50	96	100	100	100	100	100	100	100	100	100	100	100	100
15		0	8	10	16	26	36	68	100	100	100	100	100	100	100	100	100	100	100	100	
20		0	8	10	14	22	30	54	86	100	100	100	100	100	100	100	100	100	100	100
25		0	8	10	14	18	26	44	70	100	100	100	100	100	100	100	100	100	100	100
30		0	8	8	12	18	24	40	60	88	100	100	100	100	100	100	100	100	100	100
40		0	8	8	12	16	20	32	48	68	94	100	100	100	100	100	100	100	100	100
50		0	8	8	10	14	18	28	40	58	76	100	100	100	100	100	100	100	100	100
60		0	8	8	10	12	16	24	36	50	66	86	100	100	100	100	100	100	100	100
80		0	8	8	10	12	14	20	30	40	52	66	84	100	100	100	100	100	100	100
100		0	8	8	8	10	12	18	26	34	44	56	70	84	100	100	100	100	100	100
150		0	8	8	8	10	12	16	20	26	32	40	50	60	72	84	98	100	100	100
200		0	8	8	8	8	10	14	18	22	28	34	42	50	60	68	80	92	100	100
10000000	0	8	8	8	8	10	14	18	22	28	34	42	50	60	68	80	92	100	100

