0		0	1.2	1.5	2	2.5	3	4	5	6	7	8	9	10000000
0		0	16	24	42	66	100	100	100	100	100	100	100	100
10		0	16	24	42	66	100	100	100	100	100	100	100	100
15		0	16	20	34	50	74	100	100	100	100	100	100	100
20		0	16	20	30	42	60	100	100	100	100	100	100	100
25		0	16	18	26	38	52	90	100	100	100	100	100	100
30		0	14	18	24	34	46	78	100	100	100	100	100	100
40		0	14	16	22	30	40	64	96	100	100	100	100	100
50		0	14	16	20	28	36	56	82	100	100	100	100	100
60		0	14	16	20	26	32	50	72	98	100	100	100	100
80		0	14	16	18	22	28	42	58	80	100	100	100	100
100		0	14	16	18	22	26	36	50	68	88	100	100	100
150		0	14	14	16	20	22	30	40	52	66	82	100	100
10000000	0	14	14	16	20	22	30	40	52	66	82	100	100